Before set Radius and Color

Radius : 1.0
Color : Red
Area : 3.141592653589793
Circumference : 6.283185307179586

After set Radius and Color

Radius : 5.2
Color : Green
Area : 84.94866535306801
Circumference : 32.67256359733385
